v3.0 hex words addressed
00: d0 54 58 5c 41 58 44 e0 54 3d 77 46 c6 31 c6 47
10: 47 47 46 31 d6 51 d6 41 2c 21 4b 4b 03 51 2c 43
20: c3 ee 3c 45 45 ce 3c 45 45 df 3c 21 41 31 51 41
30: 2c 6f c6 77 47 31 c6 47 47 47 42 31 d6 51 d6 df
40: 3d 10 00 00 00 00 00 00 00 00 00 00 00 00 00 00
50: 00 00 00 00 00 00 00 00 00 00 00 00 00 00 00 00
60: 00 00 00 00 00 00 00 00 00 00 00 00 00 00 00 00
70: 00 00 00 00 00 00 00 00 00 00 00 00 00 00 00 00
80: 00 00 00 00 00 00 00 00 00 00 00 00 00 00 00 00
90: 00 00 00 00 00 00 00 00 00 00 00 00 00 00 00 00
a0: 00 00 00 00 00 00 00 00 00 00 00 00 00 00 00 00
b0: 00 00 00 00 00 00 00 00 00 00 00 00 00 00 00 00
c0: 00 00 00 00 00 00 00 00 00 00 00 00 00 00 00 00
d0: 00 00 00 00 00 00 00 00 00 00 00 00 00 00 00 00
e0: 00 00 00 00 00 00 00 00 00 00 00 00 00 00 00 00
f0: 00 00 00 00 00 00 00 00 00 00 00 00 00 00 00 00
